Elapsed time:
1:31:11.732044
Accuracy = 97.2
[[ 973    0    0    1    0    0    3    1    2    0]
 [   0 1124    4    2    0    3    2    0    0    0]
 [   4    0  999    3    7    1    6    5    7    0]
 [   0    2    1  979    1   11    0    8    4    4]
 [   0    0    1    0  959    0    5    1    4   12]
 [   2    1    0   15    5  851    4    4    7    3]
 [   4    2    0    0    2    6  942    0    2    0]
 [   1    8    8    2    4    0    1  995    0    9]
 [   1    4    3    7    5    7    4    5  934    4]
 [   6    2    0    8   12    6    0    7    4  964]]